0 1 0 1
1 2 0 1
2 3 1 0
3 4 0.7071067811865476 -0.7071067811865476
4 5 1 0
5 6 1 0
6 7 1 0
7 8 1 0
8 9 1 0
9 10 1 0
10 11 0 -1
11 12 0 -1
12 13 0 -1
13 14 0 -1
14 15 0 -1
15 16 0 -1
16 17 0 -1
17 18 0 -1
18 19 0 -1
19 20 0 -1
20 21 0 -1
21 22 0 -1
22 23 0 -1
23 24 0.7071067811865476 -0.7071067811865476
24 25 -1 0
25 23 0 1
27 28 0.7071067811865476 -0.7071067811865476
28 29 0.7071067811865476 -0.7071067811865476
29 30 0 -1
30 31 0.7071067811865476 -0.7071067811865476
31 32 0.7071067811865476 -0.7071067811865476
32 33 0.7071067811865476 -0.7071067811865476
33 34 0 -1
34 35 0 -1
35 36 0.7071067811865476 -0.7071067811865476
36 37 0.7071067811865476 -0.7071067811865476
37 38 0 -1
38 39 0 -1
39 10 0 -1
12 40 -1 0
40 41 -1 0
41 42 -1 0
42 43 -0.7071067811865476 -0.7071067811865476
43 44 0.7071067811865476 -0.7071067811865476
44 45 0.7071067811865476 -0.7071067811865476
45 46 0.7071067811865476 0.7071067811865476
46 47 0.7071067811865476 0.7071067811865476
47 48 1 0
48 14 1 0
49 50 0 -1
50 51 0 -1
51 52 0 -1
52 53 0 -1
53 54 0 -1
54 55 0 -1
55 39 -0.7071067811865476 -0.7071067811865476
15 56 -0.7071067811865476 -0.7071067811865476
56 57 -0.7071067811865476 -0.7071067811865476
57 58 -0.7071067811865476 -0.7071067811865476
58 59 -1 0
59 45 -0.7071067811865476 0.7071067811865476
16 60 0.7071067811865476 -0.7071067811865476
60 61 0.7071067811865476 -0.7071067811865476
61 62 0.7071067811865476 -0.7071067811865476
62 63 0.7071067811865476 -0.7071067811865476
63 64 1 0
64 65 0.7071067811865476 0.7071067811865476
65 66 0 1
66 67 1 0
67 68 1 0
68 69 1 0
69 70 0.7071067811865476 0.7071067811865476
70 71 1 0
72 73 0 -1
73 36 -0.7071067811865476 -0.7071067811865476
36 74 0 -1
74 75 0 -1
75 76 0 -1
76 8 0.7071067811865476 -0.7071067811865476
8 77 0 -1
77 78 0 -1
78 41 0 -1
41 79 0.7071067811865476 -0.7071067811865476
79 48 0.7071067811865476 -0.7071067811865476
61 80 -0.7071067811865476 -0.7071067811865476
80 81 0 -1
81 82 1 0
82 83 1 0
78 84 -0.7071067811865476 0.7071067811865476
84 85 -1 0
85 86 -1 0
86 87 0 -1
87 43 0 -1
88 89 -1 0
89 90 -1 0
90 91 -1 0
91 55 -1 0
43 92 -0.7071067811865476 -0.7071067811865476
92 93 -0.7071067811865476 -0.7071067811865476
93 94 -0.7071067811865476 -0.7071067811865476
94 95 -1 0
95 96 -0.7071067811865476 -0.7071067811865476
96 97 -1 0
97 98 -1 0
98 99 -0.7071067811865476 -0.7071067811865476
99 100 0 -1
100 101 0 -1
102 103 1 0
103 104 1 0
104 105 1 0
105 106 1 0
106 35 1 0
63 107 0.7071067811865476 0.7071067811865476
107 108 1 0
108 109 1 0
109 110 1 0
110 111 1 0
113 43 0.7071067811865476 -0.7071067811865476
20 26 0.7071067811865476 -0.7071067811865476
26 114 0.7071067811865476 -0.7071067811865476
114 115 0 -1
115 116 0 -1
73 117 0.7071067811865476 0.7071067811865476
117 118 0.7071067811865476 0.7071067811865476
118 119 0.7071067811865476 0.7071067811865476
119 120 0.7071067811865476 0.7071067811865476
120 121 0.7071067811865476 0.7071067811865476
121 122 0.7071067811865476 0.7071067811865476
122 123 0 1
123 124 0 1
124 125 0 1
125 126 0 1